111111011
111111111
111111111
111111110
111011101
111101111
111111111
111111110
111111111
111111111
010011111
111111011
101111011
111111111
111101111
111110111
111111110
111111011
111110100
111111111
111010111
111010111
111111011
111111111
101101000
100111111
111111111
011101111
111111111
101100100
111111111
111111111
111111111
111111111
110110110
111111011
111111111
111111111
111111110
100111111
011000110
100110111
111110111
111111110
101111011
011110110
111111101
111111111
111111111
101001100
111001111
111111110
110111001
111011101
111111110
111111110
111111111
011010111
111111011
111111101
111111110
111111101
111111011
111111111
111111110
001100101
111111110
111111011
101010111
100110011
111111101
111111110
111111110
111111111
111001111
110011111
101110001
111010111
111111111
100111111
111111101
111111101
111111101
111111110
111111111
111111011
010111101
111111110
011010111
111111111
111111110
111111111
111101111
111010111
111111110
111111111
011101011
111111110
111111111
111111011
110111000
111111111
111111011
110111111
111111111
111111111
100011001
111111111
111111111
111100101
111111111
111111110
111111101
111110111
111111110
111111110
111110111
111111011
110111111
111111110
111111111
111011101
111011011
111111011
111111110
111111110
111111110
100010010
111010111
011011101
011101111
011111110
111111110
111111111
111111111
111111110
111111110
111111111
111111110
111111111
111111111
111111101
111111101
011000110
100110011
111111100
110110111
111111110
111111101
110111001
111111110
111111011
111111011
100111111
111111011
111010111
111011101
100111111
111111111
111101111
111101111
100011011
100000010
100111111
111111111
111111111
111111110
111111111
111111011
111111110
111111011
111111110
111100101
111010111
111111111
111011101
111111110
111111110
111111111
111111011
111111110
111111010
111111110
111111110
111111110
111111111
111001111
111011011
111111111
111111110
111111111
111111111
111111011
110111001
111111110
111111111
111111111
010111101
111111110
111111110
100100000
111111111
111111110
111111111
111111011
111000110
111111111
110111111
111111111
111111101
111111111
111111111
101111011
111111110
101110111
101111101
100010011
111111111
111111111
111111111
111111110
111111110
101111101
111111101
111111111
101001010
111100101
110000101
111111110
111111111
111111111
111111111
111111011
111010111
111111101
111100101
111111101
111111111
111111101
111111101
111110111
111111101
111110111
100111111
101010110
111000101
111010111
111111111
111111111
110111001
111111110
111111101
111111110
110111001
111111011
111111110
111111111
100111101
111111111
111111110
111111011
111111110
111111111
111111110
111111110
100111110
111111110
111111110
101100111
111111111
101111101
100100011
111111111
111111101
110111001
111010111
111111111
111111011
111100100
111111111
100110011
111111111
111111011
111111111
111111111
111111110
111111111
111111110
111111111
111111110
111011110
111110111
111111011
111111110
111111111
010111111
111111111
111111111
111111011
111111110
111111111
101111101
111111110
111101111
111111111
111111001
111111110
111111111
111111111
111111101
111011101
111111111
111101111
111101111
111111111
110111111
111111111
111111111
111111111
010101001
111111111
110111001
111111110
111100101
111111111
111111110
111111110
111111011
111111111
111111111
010000011
111111111
111111101
000000011
111111110
111011101
111111110
111111101
101101110
011101100
111111101
111111110
111100101
111111101
101111111
111011101
101111001
010111111
111101111
111101111
111111110
111111110
111111110
110111111
111111110
111111111
111111110
111111111
111111101
111111011
111111011
110001110
111111110
111111110
111111111
011101111
111111110
111111111
111111111
111111111
101111111
111101110
111111111
111111111
111111011
011001111
111011101
111111011
111111011
111111110
111111111
111110111
110101110
111111011
011111010
111111111
110111111
111011101
111010111
111111110
111111111
111111111
111111111
111111011
111111111
011010111
111111111
111111110
100111111
111111110
111111011
111110111
111111111
101011101
111111110
111111011
111111011
100010000
101111101
010111011
111010111
111111110
100100011
111111110
111111111
111110111
111011101
101011111
111111101
100111111
111111101
110110111
111111011
110111001
110111001
111111101
110111001
111010111
111111101
111111101
111111101
110111001
111111011
111101111
111111011
111111011
111111011
111111011
111111011
111111110
111111011
111111110
111111111
111011011
111111110
111111101
111111111
111111101
111111110
111111111
111111110
111111101
111111110
111111101
111111111
111111101
111001111
111111110
111111111
111111111
110111111
100111111
111111111
111111110
111001010
111111111
110111011
111111110
111111101
111111110
111111110
111111111
110111111
111111110
110111111
010111100
100111111
111010111
111111110
110111001
111111110
111101111
101111011
100101000
101111101
111111101
111101111
011111111
111111110
111111101
111111110
010001110
111111110
010101111
111111110
111111111
111000110
011011010
010100100
111111110
111111110
111111101
111111111
111111110
111111101
111010111
111111101
111111110
011011101
111101111
110101110
100111110
111111101
111001111
110111111
111110111
111111110
111111110
111111110
111111111
111111111
111010111
111111110
111111111
111111110
111111101
111111101
111111110
110111101
111111110
111100011
111111011
111111111
111111111
111110111
111111110
111111011
111111110
111111101
111111110
111111110
111111110
111111110
111111110
111011101
111111111
111111110
111111110
111101111
111111111
111010111
111111101
110111000
111111101
111111111
111111110
111111111
111110111
111111111
111111101
101110111
111111101
111111101
111111111
100111011
110101000
111111011
111010111
111111110
111111101
111111111
111101111
111111101
111111111
111111110
111111110
111111111
111010111
111111110
111111011
111100100
111101000
111110011
110111111
111111110
111111111
101111001
111111111
011111110
111110111
111011101
111011101
111111111
101110010
111110111
110111000
111111100
111111101
111111101
111110111
111111111
111111111
111111101
101110101
111111111
111111111
111111111
111111101
111111111
111111101
111110111
111111111
111010111
111111111
111001111
111101111
111111111
110110011
011110001
111111110
111111111
100111001
111001110
111111110
111111011
111110010
111111110
111111101
111111101
111111111
111111111
111111111
011001100
111101011
111010111
101000100
110111011
111111101
111111011
111111110
111111111
111110111
111111011
111111111
111111101
011111110
111111110
111111111
111001111
111111101
111111111
111111110
011101100
111111110
111000110
111111111
110111111
111110111
101101111
111111111
100111111
111010111
111110110
111111111
011110101
111000101
111111111
010101110
111001100
111111111
111111110
111111101
111010111
111111100
110110101
111111111
111111111
111111111
111111111
111111111
111111111
111111111
111111111
111111111
111111111
111111011
111111101
111111111
111100101
110111001
111111011
111111111
110111100
011101111
111111111
111111011
111111110
111101111
111110111
101110001
111111110
111111111
111111101
111111101
101111101
111111110
110101110
111111111
111111001
111110111
011100101
011101010
111111111
111101111
100101010
101111001
111111110
111111111
111111110
111111101
111001011
111111111
111111110
111111111
111101100
111111110
111111111
111111111
111001111
100011111
110110111
111111111
011110111
111101111
111111110
111111111
011101111
001000000
111111110
111111110
111111111
111111111
111101111
111100101
110111111
110111111
111110111
100101111
011111100
111111101
111101111
111010111
111110111
110010111
111111111
111111111
111111111
111111111
111110111
111111111
111111110
111111110
111111111
110111111
111111110
111111111
111110111
111111110
111111111
111111111
111110111
111001111
101111101
111101111
111101111
111111111
111111111
111111110
111111011
111111110
111111111
111111111
111111110
111111011
111111111
111111110
110111111
001111111
111111111
101111111
111111101
111111110
101011011
111111111
111111111
111101111
011101100
111110111
111111101
111111110
101111011
111111110
111111101
011110111
111111110
111111111
111111111
111111111
111111111
111110111
011101111
111111101
111111110
101111001
110111100
111010111
110101110
111111101
110111011
111111101
111111101
111010111
011101111
111011101
111111101
010001110
111010111
111111110
111111111
111101111
011111111
111111111
111111110
110111111
100111111
111111011
111111111
101101011
111111101
011010111
111111111
111111111
101100000
111011101
111111111
011010111
111011110
111111111
111111111
111110111
111111011
111111110
111111110
000011111
111111110
111111111
011111001
111111101
111101110
011011001
111111110
101011011
110111111
111101111
100110011
111111110
111111110
111101111
011011101
111010111
011001100
011101111
111111111
111111110
111111111
111010111
111111110
111111110
111111101
111110111
101111001
111111110
111101101
111011101
101111011
101110110
111111110
111101111
101111011
110110101
100111111
111111101
111110111
111111111
010111011
