00010011010111101110
01001000110110010001
10000110000010000001
00111100101010010000
11100001111111111101
00111101000111001101
11001111000011011010
11000101001010111011
10111001010000000000
10110001101100111011
10011011010110011011
01001010001001010111
11101000001110110110
11001111001000011001
00001101100111010001
11100111001111001111
11101100001100000001
11001111110000001101
00110010110010100101
11111100000101011111
01000011110010101000
00001101011000011100
11111011111011001001
01000011101110010101
11001100101000111000
10110010001001101001
10111110000010110011
11110110111011111001
10101001010000000010
11001111000101001110
01000010111101001100
00011011100001000100
00100011110101011111
00111100011010111010
11100100111111110010
10000101011111110110
10110010011100100100
00101011111110110000
11001000011010110111
00001110001101101111
00110111011100110000
01000111000110010001
11110101000001110110
00101100010000001001
11111010111101100110
00000110010100011000
10010101111100000011
11101110110101100111
00100100000110101101
01100101111000011010
01101110001101110110
11011101010001101011
01010100101110101100
01001011010100110011
10010001101001000011
10101011011010001111
11111000010000001100
01001010101110001011
00111000011011000111
10110010111101011010
01101000010010000011
11000110000111000001
00111000000010010110
10101011010111000000
01010010100001101010
10110001010010001000
11100001000110010110
01101001000011111100
00000101001000001110
11101011011100010101
11101110110000101011
10000110000101010100
00011100110101001101
11010011101011000010
11101000001111110000
01001001011001011000
00100011110100100011
11111110111110111010
01101111011001011011
01111101010110000110
01010001100101101000
00001110101101110110
00100010111100010000
11000101100001001011
00111101001110000010
11001001110111010100
11001101101110011110
00011001101110101010
01100111100010110111
11011000010111001100
11001011100110100111
10010011010101101101
11000001011100101011
01101100101101100100
10111111001011111000
11110000011000000011
11011001110101111101
00101001001001000001
01110111000101011010
00011001100011001011
11011010000110100100
00000100101011000101
11000100110001001100
11010110011011010111
01010001111101111001
11111011111111000100
10011110101110000010
11001110010011011010
00001111010100010000
01011000110010101101
00011111011000110010
01100110000000010101
11000111111110111001
11000000111110010010
00111111010100100110
01010110101011010011
01001100010011110101
01000011000101101001
00111001011010110010
00001100010010001010
00110101011001110010
01000101110000000110
01101000010001100010
00101101101100110011
01111110100000011110
00101000111000100000
11111011110110100110
01000110110100011101
11010001100110101111
00001110011011000101
10010111110001111101
01011000001010001111
10111110011110100011
00100000001100001011
00010001100100000111
10110110101100110100
11001111011111111010
11100110001001001110
00111011011101000001
11111010110110010001
01000001110000101100
10011000000011000011
10101011111000100001
00111011101011000111
10110001110001111011
01110110011010000001
00110111111000001010
01100100110111001011
10111101000001100000
11110000100011010111
01010011000100011100
00110000011000001011
01001011110111100110
11011100101001100001
00011101101010011010
01110000111000011100
00010001001011101010
10100011100100100111
11110111010011101100
00001111001101110001
01101001011101110000
11011101110010010111
00011000110010111100
11100110010101011100
00010100001000011101
01000010110111100000
10000100000011101110
01101110111111000000
11100010111010001001
11000001000010100110
01001011000111111000
11100000011001111100
10111110001101010101
00001000000000111010
01111001100101101110
01010100000110011001
00011010011101111000
00001110100111011000
11100000110001010001
01011010000101100100
10100011110011100101
00000001101011010011
01110110001110001110
11000110111101111001
11011111101011010000
01010011011100010111
01000100000110101101
01110110111110111011
10011011111100101001
00010110100010011100
01100001000000001011
11001111000010111011
00011111001100010001
11100001001111000010
10110110000010101100
00001000111101011010
00011010110101101000
11100111110110100111
01011011101111100010
10011011001000110001
00111100010111000100
00101100001000001110
11100111000011011111
11110000100001010101
01110110001100101011
00001100011111111100
11100101110001101101
01000101000100100000
01101001000011101000
01001001111001010001
10010100011110110010
10100000000101000100
10100000001001101100
11111101111011011010
00101101010000001001
01011011011110010100
10111100010010110111
00111100001100100000
11000110000010111111
10101100011100110110
01110001011100011111
10001110011100111010
10011001110001000101
10011000010101101101
01010000101101001000
00110011001110001101
00111000000110110101
00101000000000011010
10110110001011111101
01111111101011001110
10001100100011101101
10000111010011110010
00100110100111101111
11001010000100001000
00000111111100001001
10001011100010001111
10110100111001100001
11000001000010001001
11110001000101100001
11000011000010001001
10110000011111110001
01110111101100000111
00010011101100000001
11111011111111001001
00111011111111001110
01111010000101011101
00001111100110001110
11111000101010111111
11111111001001111110
00011100100110110110
10101100110110100001
11000001010001100100
11110110010101111011
01000001000111110011
11101111011000100111
00111111111101001101
00111010010001100110
00001110111101111000
11001111111100011001
10101010110010001101
11101010100111001111
00111101001011000111
11011000110100000100
01110111110010100000
00010101101000011100
10010010011011000100
10111110100011010111
00011000101111110111
11111000011100000110
01111110001010010110
10101001100011111001
00100010011010101001
11011101000011100011
01101010011001110000
11110101100010011101
00001100111100110010
10111010011011011010
10100110010101011001
11010111111110110001
10111011010000001000
10101111001101000011
01011100100101000110
00111111110010010001
10001010001010000000
11101011100100110011
01011101101001111110
01100100100110101110
11110100111100011100
11010000100100001100
11001100111011111111
10111101011011010000
11110111110000111110
00101100111111110011
00001000110010110100
11010100110000000110
11011010110010100100
01111101010000010111
11100111101010011001
10100110011010010100
11110110011010111001
11110111001000001010
10110100011111001011
00011011000011100101
00010100110000011100
01011011000010101111
00101100001101101101
10000010011100011000
01010000001110011101
01000110001010111100
01100100100010010100
01000010111111110100
01010011001000010101
01111001010010010100
11100000111110000001
01101010110111010100
10000110111110011001
01100100101011100111
10110100011110110101
10100111001001010101
10111010011110101011
00111101010000100111
01000000101010100011
10011101000101010101
10000000001110000110
00111010011110010101
01110111011111010000
00000101000000000111
01011100100011100100
00101101100110001001
10011001001001001010
10011110001101001110
10001001001010001110
11111111010100001000
01101111100100011001
01001011000010010011
10010010110111111011
01010010011100111011
10001101111100000010
01010010000000100010
11101101111100111101
00010101000101010100
11101100110110010000
11111000000110011001
01110111110000110011
10111011101010011101
00010010011100101100
10010001110010011100
01011000110011110001
00010001101011000010
00011101000110010101
00010010001000010010
00100110110101001000
00100110010100000100
00011110000111001110
01110010000100111011
01111111100111111100
11000101100111000110
10110100100100000000
11000010010010101011
10001001010000010010
01011111100011001001
10111110001110000010
11001001100110111010
01100111101100110001
10111100111001011001
10100101100011000101
01000111001011111110
10000110011101101000
10111000110011110101
10101000110100011001
11010011010011010101
10011010010010001001
00010000010010110100
11110010101110010110
00101101011111101011
10011110111111100001
10111101011000010010
00011011000001100011
00101111111101001100
01001111100110111100
01000011001101110000
10001101111001000101
01110011001000010101
00100101011101011011
00000110001110011110
01101100011000101100
01001011100101001100
00011111010011110111
11011111101000110000
10011000111000101100
00101111101111011100
00010111011000100101
11100011101000011011
10011001100001110101
11110000001001101010
01111010100011100000
00000110101000101001
11010101001010000010
00011000100100001000
11101001100100010101
00101001011101010000
11010110010101110110
00001000111000111010
01000110101100001111
10111001000011100111
01100000000011001100
11000010001001110001
00000101101111110100
10010110101001101000
00001110101111100100
01000100100100000000
10101111010100000011
10111101001101111110
11100110100001000100
01110110000100111110
01110011001000100010
10010111101000100010
10101001100111100100
11110101011000110101
01010101110000000110
01100001000011111010
01110011111110101001
11110001000001110101
11101010000000001110
00101000001101001111
01110000000110001010
00111010000110010110
00010100001001110101
10111011000101100000
11000111100110001011
00101001100110011011
01000000010101111100
01011111100001101101
01001011001000100010
01010000011111100110
10111100100101011110
00001110011000000111
10000111001000111000
10000011000110111010
11001011110010001000
01110111100111111011
00100001000011011010
00000001101011111000
11000111110000101101
01001000100010111011
00110000001110111101
11011100110010000110
10111011100000010110
10100110011011000011
11110000101010010000
01111001000111100111
10101010000011000000
01100111000100100001
01110101110111101110
10111110101100000000
01100000001101001101
10001101000101101011
00110100100111000000
01101100001000000100
00111001001101011101
00011101001001010010
01110100100000011101
10001110011011001011
10010001010010000011
01111000110000011100
11101101101100111001
00111100000101100010
00110111110001001100
10100110011101111010
00011001101111010110
01001001100111111010
11011011010110101101
10000111100111100111
00000001101010110100
01110011011000101111
10101110000111101010
01101010100011011101
11101001111111101101
11010100110101001000
00101111100000111000
01001010011111101110
00101111100010000000
11111100001111111000
00011011011000000000
11110111000100100111
00101100111100000010
01100010011000001010
10110110101110001100
11100000011110110101
10101011000000111111
11010110100111000010
11110100011001110011
01000110001001100110
10111001010011100001
01111011100101100001
00111101110101111100
10011001111100100101
00100010000110000010
10111100000110011000
01001001111110100000
00000100010011111001
01001100100100110011
11100101111010000001
11100011001011011110
00010011110100010001
11000111011000000101
11010101000000100000
00001110100000101011
11100110110100111100
10001101010101100011
10010111111011001011
00111100010100101111
01100000101001110111
11011100111010111010
10010000011111101101
01111111111101001111
01010110101100110001
11110000010110011011
11010001010111111001
10010011010101000110
10001011110011111010
01001010111000111110
10101011011111101111
11001100111010101000
11010000110110000101
00010100100101110001
11110101010001000000
10010100111011110000
00111100101000100100
10000001110101101110
11000001010100111001
11011111010001101110
10100011001010111011
10010100110100000011
11010110111111010111
00110101101010110110
10100010111010100000
00010110000100010101
11111110111100000111
01000011011101001110
10100100000101110111
00000101001001110111
00010101000010000111
01101111110100001100
00110101000111110011
11111010101100001001
10100100010011001010
10001001111011010001
10111011010100111000
11001100101101011011
00110010110011100010
11011110001110010011
01000001100010101000
01000000100110010110
01010011101101110011
01011111001000100101
01110000110100000001
01110011110101111100
00111011000100011010
10001101100011100011
10001101011101110100
00000001111000100100
00010001011101001011
11010011011000101011
11010000101000100010
01011001100010001001
10110000111100101110
01011111101100010100
10000110101011001111
10111101011101100111
11101001011011011100
00110011101111010001
00100000010011111111
00010100011010010010
11100100010100101011
10101001010101000011
00011011011110100101
00100111010001011001
10001011110000110101
00101010001111010001
00101010110001010100
11101101001101000111
01010100101100011011
11110011110101111110
01000011011111110111
00011101000011101010
10001001110011011101
11101001110111101001
10100000011000100100
10110110000110010010
11110000000000110001
00011010011000011001
01111011011010111000
11001010111111011011
11001111000000001100
00111110010001111011
10111101000101110100
01110001000000101001
00010010101101110111
00001110001001011111
11100001101110000001
01111100001000101101
10000000101101001110
01100011000101001110
00001001101111100011
00011000110110110100
11101000101101101011
00000001110110001110
01100000001011000110
01001010000100111100
11001111011010100100
10110111001001010001
01000111110111000000
01111000111001011000
00100000001101010001
00010101110010110010
11101000011110101010
10100101010011100111
10100110110010000111
01100001110101111101
10110011101010010011
01011111011110100010
00011010011010111100
10001000011001010000
11001100100010111110
01100100010010111011
10110010010000111100
10010101001011101000
00001000100101101010
00001001000010100100
11010100010111001111
10000111001101110110
01100011110010101100
01110011110001101100
00110101111001000111
00101111111000101010
11000000000110011011
00100000111101111101
01111000110001000100
10000000101010001000
00110111001111110000
01100000111001000000
11010001011011011000
00010011110101011000
01101100011001011010
00000001100100111011
01101010110110000111
01001101000111110011
11101100110101100100
00111000110000010010
11110111101000010101
11000101101010010111
10010011011000101010
00000101010100111000
10111000001010100011
00111101111111110111
01011100011100001101
00011010110011100101
10101111110111011010
11000011111010111010
10001101100100001110
10111011110010100011
01111110111111110100
11001101000001110111
10010111011101001110
01111001110011101101
11011110110010001110
10001010110001011110
01000101011100000000
01000101101110110010
11101101110001111011
11010111110110001101
00110111001100111000
00000111010001100000
10110110111001100100
01001110100001110001
01000010011101110010
00111010001110011011
00011000010011000001
11011101101101011100
01010111110110111010
10010010010011100010
11111010010110111101
01000011011010110011
11010101111110011010
01001010001000101111
00100111111001100001
00011010101000111110
00111110100001101111
11001100011111001100
00110010110000001001
01011111010010000110
01100010010110101100
01111111000001101101
10010111001101111011
10011011000010010110
11101100110000011011
00111111101111111111
11010101010011110101
01110101000101101011
11000010001010101110
01000110100011001011
01110010011111101101
10101010000101111010
00110001101010101001
00101110011101000111
11101010100101000011
00101111111010000000
10110100011010100100
10110011010000101101
11001011111111110010
00010110010111100000
01011011100001010001
10000110100111101011
10001010111100011100
01000111110101010100
11010111111101101010
00010101000100110111
11110010100110010000
01100110000001000000
10101001100110010100
01010011111111000001
01010011001100000011
00101001010101101011
00110111110100111100
00101010010101110011
00100011000011000011
01101010000100111100
01111100000010101011
11011000000100111010
10101001001011011011
01010111100101010101
01101010011101110000
00110110000011100011
01100110011000001110
01010000000100000000
10100011100101101100
10110001101100011110
10000010100101100011
10000101101001111111
01101101000000101010
11111101000101001000
01110101111001110110
10100101010101001111
11000110111000111100
00100001011001101000
10010001110101110010
01111100011000101100
10111010010000100000
00111010101000110000
10110100000100100100
01100010010010111110
01010000001000101010
11010100001010000110
11101100001100110110
00101111011111011111
10000010000000000111
10011011010011100100
00001111000000100100
00110000010011000101
10100101011110010101
00101011010011011110
01001010111101001101
01010001101101100101
00000101110111010011
10111111110111110110
11101110001001001000
00110110110000110101
01001101011111110100
00001010000111100001
11000111101010010110
10111011111110110110
00001111111000011111
01110000001110011001
10101000001110101100
11001101000010010000
00101110101110011110
11010001111000010010
00000101101111100100
10011000100110011100
00010100101010111100
01011000100010000011
00100010011000010001
01100100100000101111
10100111011011100110
10001111011101101110
11010010111000101110
10010111101110110101
00010001001011111111
01101110011111011100
01011001001100101011
10111100110001101011
11011100111010100111
11001000101111010010
10110010110101101001
10101100000100111001
10111010011100010011
10011010100011100001
01000011010001110010
10101110011001010010
11010011001010010101
10101010010111000100
11000101011111000110
11111011011010001111
01001010100100010011
00001111100110000000
10111111001110101101
10010010010111011111
10001010111000001100
00111111111011110110
11101100100110000101
10001101011100110000
10110010100111000101
11111110010101110101
11110110101101110000
10001010101000000000
10001001001000010100
10010110101001111101
10111010000011111010
00100010101111000000
10000010011010110000
10100101011101011101
01011000110011000010
00010000010010010000
00100010101011101011
11000110100001101010
11000001111000110110
11100011010001001100
00110011111000110100
01010001100110000100
10110011001110110001
10111010101111000110
10100110111100110011
11000011110011000001
01011010001011101000
10111010000111011110
01000111100110011000
01010101111101110101
10000000011101001010
01110010011011001111
10111100011011111001
10111101111010111110
11001000101101000011
10011101110100101101
00101011111101101001
11011101101111101111
11010010111100011010
11111010101101111000
11011110101010100101
00101111000101010101
00110001100001010000
10110011100100111001
00111011010110111111
00101000000011110111
11110001100011000001
00101000011101001010
01100101101001100101
01100100101101011010
01000011101001111101
10001111011100001011
01001000001101011010
10011101011111111000
00111110100000011101
00100011001000010001
01111100011100010010
00101101011000001111
01000111101000000000
01111011110011000010
01110110011001000100
11111101110110100010
10001111000001111100
00100000110011001110
10111101101110001000
01101111110100001110
10000101101000111111
10100011001110100001
10011110100100101010
00111110000001100010
11111100010110011111
10000011000100001010
01001001001111001011
00000001000010001111
11001101101111100010
00111010010011000111
00010101000011010110
10101111011001110000
11110111000111110111
00010101000111110111
11111101100111011111
00111010000010100110
11000011001001110100
01011001001000010010
11000011001111000111
01001111010001110111
01000101110110111010
11101101000101001101
10011000000100011111
00001100111010101101
01101001101111111111
11010100010010001110
10011011110001101110
10001011111111111010
00011100110000101000
01011110011101010101
10001010101101010100
00101001001000011011
01110101100111000100
11111001000100100001
10100000001011011101
11110000101101001101
00100011110100001101
01101101010001000110
10010001001111011000
01101110011000101011
01010101010011100001
01111010011110111100
11001111011110111111
00100001010110110100
00010001101010000100
10101011110001111011
10001111000000111110
11100000100111011111
01110100010011000110
00011110101011110011
10101010011010111101
01001111101111100000
01011011100001110111
10100101000111000001
01011111000110110010
01000110100011110100
01011011100011011100
01100110000110110110
01100000000001101110
10010110100101010100
11000100111101011010
11111001011110011110
00000101010010111100
00101111100011111100
10011010010011111100
01001101001111100110
11010101111010110100
00001001001110001011
00100000000101000001
00011011110000101011
00001110100101100010
11110010000110111111
00000110010110010001
00000000101010011001
11101001010110011101
01011100111000011001
10111101100101011101
10000010110101000110
11111111010010001101
11111101101110001100
01101000001101011111
00101111111010101101
00100000010101010000
00101101001100010000
10100000110010101011
01000000111001111001
10011001010010000000
00111111100110000111
00101000000100111001
10110111110001100000
11001001110001001111
01000010000101010100
10000010001011101000
11110010001110110111
01010000010110100000
00101001000001111111
00000000100010100000
01110011101101010100
00011000101110100011
00110000101100111101
00101011000001001110
11010011111010111100
11100010101010001010
10101001111111111111
10001011011101100010
10110000111011001101
10111111100011000100
01010111100101101000
01011100100000000110
11110000100110001111
01100011110000101101
00111100000000101011
01100000011011000011
11110000001001101000
11010101001011010010
10010110111011011010
10110111000011101110
01000000010000111100
11011110111010010000
00011111000101110000
10110110101111001111
11011010110010010100
11111001101011101000
00000110010110111011
10100101100011010111
01110100010000011010
